Run semi-empirical minimization
 &qmmm
    qm_theory='AM1', grms_tol=0.0005,
 scfconv=1.d-10, ndiis_attempts=700,   qmcharge=0,
 /
   6    C1        3.7680        9.3100      -14.3980 
   6    C2        4.1810        8.2710      -17.1540 
   6   C10        4.4460        9.5070      -10.1350 
   6   C11        6.4010       12.6010       -7.7160 
   6   C12        6.8140       12.4450      -12.1770 
   6   C19        3.9170        9.3410       -5.8050 
   6   C18        3.6590       11.4920       -8.0030 
   6   C20        4.8380       10.2980       -4.8550 
   6   C13        6.6090       11.8970      -13.6710 
   6   C14        4.4720        9.2410       -7.2990 
   6   C15        5.3680       11.4550       -5.7180 
   6   C16        3.9740       11.6040      -12.2640 
   6   C17        4.7580       10.4030      -14.7230 
   6   C01        5.7630       11.5460      -10.0410 
   6   C02        6.3200       11.2500      -11.3790 
   6   C03        5.4260       10.3140       -9.3690 
   6   C04        5.1620       10.6420      -12.2680 
   6   C05        4.8840       10.5710       -7.9180 
   6   C06        5.8890       11.1710       -7.0840 
   6   C07        5.7770       10.5530      -13.5420 
   6   C08        6.9140       12.3740       -9.1880 
   6   C09        4.7340        9.2200      -11.5780 
   6   C21        7.4660       13.1190       -6.9160 
   6   C24        7.7450       14.5640       -7.3120 
   6   C25        4.5060        9.7640      -17.1200 
   6   C27        5.1080       10.1830      -18.4560 
   8   O01        8.0140       11.6750       -9.1580 
   8   O02        5.7700        8.3490      -11.6650 
   8   O03        5.8650        9.5950       -4.3820 
   8   O04        5.6860       11.2940      -18.5630 
   8   O05        5.0280        9.4150      -19.4520 
   6   C28        5.5100       10.0430      -15.9970 
   1    H9        5.6640       13.2320       -7.7250 
   1    H8        4.3420        8.6570       -9.6790 
   1    H7        3.5890        9.9600      -10.0890 
   1    H6        3.5450        8.0940      -17.8650 
   1    H5        4.9940        7.7660      -17.3150 
   1   H46        6.1010       10.7690      -16.2510 
   1   H45        6.0670        9.2630      -15.8460 
   1   H40        3.6930       10.2680      -16.9590 
   1    H4        3.7980        8.0040      -16.3040 
   1   H39        7.9980       14.6000       -8.2480 
   1   H38        6.9470       15.0980       -7.1720 
   1   H37        8.4680       14.9150       -6.7690 
   1   H36        7.2300       13.0710       -5.9760 
   1   H35        8.2640       12.5810       -7.0360 
   1   H34        3.9620        8.8330      -12.0200 
   1   H33        7.0840       13.2300       -9.6120 
   1   H32        6.3250        9.7550      -13.6040 
   1   H31        6.6200       10.5350       -7.0370 
   1   H30        6.2520        9.8090       -9.3070 
   1    H3        4.2410        8.4730      -14.2710 
   1   H29        7.0760       10.6690      -11.2030 
   1   H28        4.9560       12.0790      -10.1150 
   1   H27        4.2850       11.2400      -14.8510 
   1   H26        3.6590       11.7250      -11.3550 
   1   H25        4.2500       12.4600      -12.6270 
   1   H24        3.2590       11.2380      -12.8080 
   1   H23        4.6510       12.1020       -5.8090 
   1   H22        6.0790       11.8880       -5.2200 
   1   H21        5.2370        8.6440       -7.3070 
   1   H20        3.7900        8.8360       -7.8580 
   1    H2        3.2900        9.5380      -13.5850 
   1   H19        6.1360       12.5460      -14.2160 
   1   H18        7.4640       11.7350      -14.1000 
   1   H17        4.3170       10.6390       -4.1110 
   1   H16        2.9780       11.0750       -8.5540 
   1   H15        3.3060       11.6440       -7.1120 
   1   H14        3.9180       12.3400       -8.3970 
   1   H13        3.8750        8.4520       -5.4190 
   1   H12        3.0100        9.6850       -5.8230 
   1   H11        7.7400       12.6600      -11.9860 
   1   H10        6.2950       13.2460      -12.0030 
   1    H1        3.1370        9.2170      -15.1290 

